,BMW,Ford Explorer,Infiniti,Jeep,Lexus,Chrysler,Mercedes,Saab,Porsche,Volvo
BMW,0,34,8,31,7,43,3,10,6,33
Ford Explorer,34,0,24,2,26,14,28,18,39,11
Infiniti,8,24,0,25,1,35,5,20,41,22
Jeep,31,2,25,0,27,15,29,17,38,12
Lexus,7,26,1,27,0,37,4,13,40,23
Chrysler,43,14,35,15,37,0,42,36,45,9
Mercedes,3,28,5,29,4,42,0,19,32,30
Saab,10,18,20,17,13,36,19,0,21,16
Porsche,6,39,41,38,40,45,32,21,0,44
Volvo,33,11,22,12,23,9,30,16,44,0
